
[0.0000e+00 2.0000e+00 4.0000e+00 ... 5.3960e+03 5.4400e+03 2.8974e+04]
<NDArray 141442 @gpu(0)>-
[ 0.  1.  2. ...  9. 11. 10.]
<NDArray 141442 @gpu(0)>-
[1.0000e+00 3.0000e+00 5.0000e+00 ... 3.7180e+04 3.5413e+04 1.1880e+03]
<NDArray 141442 @gpu(0)> 

[[ 0.0454373   0.0857157   0.19916342 ... -0.2101441  -0.10809325
  -0.02010131]
 [ 0.41972005 -0.02309509  0.26240477 ... -0.34555954 -0.07472274
  -0.02320179]
 [-0.1188266   0.09554075 -0.05349449 ...  0.09095073 -0.11510716
  -0.14785665]
 ...
 [ 0.3349952  -0.30923858  0.15707555 ... -0.17551723  0.26447988
   0.33055887]
 [ 0.37823394 -0.10619482  0.00510081 ... -0.23255236 -0.09653572
   0.20788908]
 [-0.03455609 -0.21902512 -0.1390188  ...  0.05484145  0.05785654
  -0.02320861]]
<NDArray 141442x20 @gpu(0)> - 
[[ 0.12022801 -0.2814417   0.07442228 ... -0.33994436  0.0017108
  -0.04945152]
 [ 0.10614604 -0.29604772  0.0170291  ...  0.3042569  -0.05960055
   0.37186608]
 [-0.35010764 -0.06050748 -0.14336656 ... -0.2027629   0.14074078
   0.13820995]
 ...
 [-0.3208811   0.18996422 -0.18886249 ...  0.3308287  -0.32996827
   0.03844095]
 [-0.03690014  0.30546686 -0.26888502 ...  0.12888536 -0.12292133
   0.07052594]
 [ 0.01089184 -0.19731234 -0.34832022 ... -0.32876506 -0.2441136
   0.1671252 ]]
<NDArray 141442x20 @gpu(0)> - 
[[ 0.20900507  0.22386461  0.0207031  ... -0.25791165  0.26520935
   0.26546308]
 [-0.19789867 -0.26374775  0.23060223 ...  0.33829716  0.1529258
  -0.04203534]
 [ 0.05684729 -0.37477112 -0.05002839 ... -0.02085218 -0.20737714
   0.10035326]
 ...
 [ 0.2302215   0.2559596   0.33216044 ... -0.00149901 -0.18183242
   0.33327952]
 [-0.12647717  0.17524894  0.26028776 ...  0.2161724   0.13364819
  -0.07836511]
 [-0.2702894  -0.08870646 -0.27716884 ... -0.3589024   0.12578441
   0.23492472]]
<NDArray 141442x20 @gpu(0)> - 
[6.3797007 5.345764  6.1309743 ... 3.907539  7.964808  7.43706  ]
<NDArray 141442 @gpu(0)> - 
[889243.]
<NDArray 1 @gpu(0)>

